MSE: 0.006378
SSIM: 0.917006
